TTAGGG	ATAGGG	CTAGGG	GTAGGG	TAAGGG	TCAGGG	TGAGGG	TTCGGG	TTGGGG	TTTGGG	TTAAGG	TTACGG	TTATGG	TTAGAG	TTAGCG	TTAGTG	TTAGGA	TTAGGC	TTAGGT	rel_TL	TMM
94.846	0.019	0.430	0.422	0.216	0.544	1.762	0.535	0.338	0.068	0.289	0.028	0.118	0.153	0.000	0.049	0.060	0.033	0.089	-0.89	-
94.951	0.011	0.241	0.491	0.223	0.317	1.351	0.818	0.702	0.090	0.238	0.024	0.125	0.080	0.024	0.035	0.155	0.030	0.093	-0.39	-
94.889	0.043	0.439	0.478	0.355	0.316	1.151	0.625	0.313	0.079	0.354	0.041	0.253	0.195	0.032	0.043	0.161	0.047	0.185	-1.66	-
94.202	0.017	0.252	0.509	0.396	0.548	1.877	0.856	0.440	0.097	0.266	0.053	0.110	0.125	0.000	0.043	0.069	0.029	0.110	-1.73	-
96.368	0.011	0.078	0.131	0.015	0.306	1.525	1.165	0.126	0.000	0.072	0.014	0.099	0.022	0.000	0.019	0.026	0.009	0.014	0.21	-
98.843	0.001	0.112	0.179	0.000	0.073	0.285	0.280	0.094	0.000	0.039	0.009	0.011	0.045	0.000	0.002	0.014	0.010	0.003	0.56	-
97.041	0.002	0.209	0.324	0.200	0.391	0.640	0.353	0.257	0.041	0.215	0.014	0.066	0.089	0.000	0.017	0.086	0.016	0.041	0.01	-
93.687	0.034	0.444	0.651	0.463	0.655	1.347	0.836	0.550	0.133	0.462	0.038	0.136	0.191	0.046	0.034	0.160	0.033	0.099	-0.79	-
97.500	0.015	0.149	0.264	0.078	0.238	0.917	0.184	0.206	0.038	0.118	0.019	0.086	0.060	0.000	0.029	0.045	0.024	0.031	-0.83	-
97.110	0.001	0.223	0.303	0.166	0.293	0.729	0.382	0.253	0.026	0.179	0.026	0.036	0.148	0.000	0.017	0.059	0.019	0.029	-0.02	-
97.131	0.020	0.209	0.333	0.130	0.255	0.642	0.500	0.235	0.036	0.189	0.019	0.072	0.062	0.000	0.022	0.076	0.018	0.049	-0.47	-
97.532	0.003	0.174	0.229	0.105	0.289	0.565	0.249	0.279	0.035	0.150	0.022	0.059	0.064	0.012	0.013	0.123	0.030	0.068	-0.08	-
94.397	0.010	0.370	0.451	0.197	0.540	1.556	0.411	0.877	0.152	0.342	0.069	0.185	0.110	0.000	0.054	0.113	0.061	0.107	-1.35	-
89.718	0.109	0.563	0.939	0.637	0.896	2.686	0.942	1.596	0.285	0.505	0.081	0.153	0.196	0.127	0.058	0.256	0.087	0.165	-2.02	-
94.835	0.015	0.283	0.643	0.339	0.387	1.441	0.465	0.679	0.091	0.320	0.036	0.104	0.088	0.010	0.039	0.091	0.049	0.086	-1.10	-
96.598	0.004	0.234	0.434	0.204	0.367	0.974	0.348	0.392	0.060	0.188	0.009	0.059	0.046	0.000	0.015	0.024	0.023	0.021	0.10	-
96.854	0.005	0.220	0.439	0.190	0.369	0.652	0.307	0.356	0.080	0.165	0.016	0.071	0.059	0.000	0.024	0.098	0.025	0.068	-0.04	-
94.913	0.021	0.492	0.645	0.226	0.536	1.428	0.399	0.539	0.108	0.237	0.021	0.090	0.148	0.006	0.029	0.083	0.025	0.053	-1.15	-
95.903	0.015	0.392	0.526	0.207	0.302	0.913	0.586	0.504	0.046	0.202	0.025	0.091	0.085	0.000	0.022	0.061	0.025	0.093	-0.14	-
93.893	0.007	0.132	0.201	0.117	0.235	0.400	4.465	0.142	0.000	0.113	0.020	0.079	0.032	0.000	0.027	0.074	0.021	0.043	0.38	-
94.419	0.017	0.243	0.409	0.430	0.467	1.408	0.843	0.402	0.168	0.396	0.057	0.140	0.150	0.007	0.048	0.176	0.042	0.179	-0.99	-
97.121	0.006	0.174	0.240	0.151	0.374	0.425	0.441	0.229	0.121	0.224	0.020	0.192	0.061	0.000	0.053	0.080	0.027	0.060	-0.63	-
97.620	0.014	0.138	0.233	0.119	0.258	0.498	0.227	0.226	0.044	0.132	0.024	0.087	0.051	0.000	0.035	0.154	0.032	0.108	-0.87	-
93.164	0.028	0.378	0.517	0.544	0.599	1.109	0.969	0.582	0.195	0.418	0.061	0.320	0.151	0.059	0.094	0.387	0.104	0.318	-2.69	-
97.152	0.012	0.238	0.318	0.180	0.274	0.785	0.257	0.255	0.048	0.142	0.011	0.123	0.054	0.000	0.026	0.072	0.027	0.028	-0.14	-
94.312	0.031	0.319	0.604	0.511	0.431	1.087	0.514	0.488	0.131	0.452	0.037	0.271	0.329	0.014	0.049	0.225	0.039	0.156	-1.11	-
94.158	0.016	0.326	0.611	0.405	0.555	1.894	0.344	0.457	0.125	0.353	0.043	0.194	0.102	0.024	0.018	0.185	0.036	0.155	-1.38	-
93.942	0.024	0.288	0.572	0.400	0.703	1.307	0.543	0.577	0.143	0.366	0.073	0.154	0.174	0.071	0.030	0.280	0.104	0.250	-1.39	-
96.130	0.008	0.136	0.230	0.048	0.141	0.815	1.612	0.145	0.010	0.105	0.030	0.046	0.027	0.000	0.021	0.042	0.421	0.031	0.23	-
95.839	0.027	0.268	0.432	0.304	0.392	0.807	0.428	0.332	0.073	0.213	0.027	0.298	0.067	0.030	0.068	0.220	0.044	0.131	-0.69	-
95.854	0.013	0.342	0.465	0.254	0.348	0.897	0.411	0.350	0.074	0.218	0.027	0.204	0.098	0.014	0.044	0.235	0.045	0.105	-0.50	-
97.029	0.010	0.188	0.291	0.217	0.259	0.929	0.232	0.224	0.048	0.210	0.019	0.066	0.085	0.000	0.019	0.078	0.020	0.077	-0.32	-
95.972	0.014	0.201	0.359	0.242	0.412	1.024	0.473	0.366	0.054	0.182	0.026	0.206	0.091	0.031	0.091	0.155	0.037	0.062	-0.88	-
95.346	0.008	0.365	0.513	0.346	0.401	0.952	0.450	0.327	0.113	0.320	0.032	0.256	0.111	0.001	0.030	0.091	0.169	0.171	-1.02	-
96.146	0.010	0.217	0.387	0.239	0.499	0.706	0.551	0.329	0.092	0.245	0.020	0.099	0.125	0.012	0.041	0.121	0.048	0.113	-0.89	-
96.736	0.008	0.118	0.340	0.283	0.357	0.897	0.243	0.287	0.054	0.221	0.012	0.074	0.084	0.022	0.042	0.131	0.028	0.062	-0.80	-
95.483	0.013	0.278	0.321	0.211	0.661	0.897	0.475	0.415	0.108	0.266	0.051	0.282	0.103	0.063	0.069	0.161	0.046	0.096	-0.90	-
97.679	0.006	0.111	0.326	0.164	0.228	0.545	0.211	0.259	0.022	0.162	0.023	0.067	0.051	0.000	0.023	0.076	0.015	0.033	-1.37	-
95.338	0.007	0.269	0.405	0.252	0.595	1.202	0.406	0.633	0.095	0.273	0.032	0.116	0.081	0.013	0.036	0.102	0.048	0.096	-1.00	-
90.683	0.034	0.631	0.876	0.647	1.088	1.484	0.882	1.274	0.295	0.604	0.069	0.237	0.239	0.122	0.088	0.393	0.082	0.269	-1.59	-
96.503	0.006	0.142	0.322	0.184	0.369	0.696	0.585	0.526	0.053	0.208	0.029	0.081	0.073	0.000	0.008	0.100	0.033	0.083	-0.34	-
95.489	0.010	0.310	0.416	0.238	0.509	1.082	0.663	0.565	0.080	0.244	0.028	0.074	0.083	0.001	0.030	0.072	0.034	0.072	-0.57	-
96.047	0.004	0.421	0.348	0.196	0.464	0.769	0.442	0.587	0.094	0.225	0.023	0.049	0.089	0.000	0.016	0.099	0.032	0.095	-0.73	-
95.581	0.009	0.288	0.366	0.128	0.444	1.283	0.481	0.623	0.092	0.221	0.036	0.077	0.072	0.012	0.031	0.137	0.036	0.081	-0.63	-
96.042	0.005	0.345	0.399	0.194	0.217	1.375	0.345	0.489	0.043	0.201	0.037	0.057	0.092	0.000	0.021	0.058	0.020	0.059	-0.52	-
97.462	0.001	0.170	0.257	0.123	0.252	0.696	0.385	0.323	0.018	0.154	0.009	0.026	0.070	0.000	0.005	0.016	0.016	0.019	-0.42	-
96.208	0.019	0.264	0.431	0.298	0.297	0.595	0.441	0.611	0.072	0.263	0.033	0.072	0.084	0.011	0.016	0.144	0.043	0.100	-0.88	-
94.671	0.002	1.206	0.481	0.261	0.462	0.811	0.407	0.596	0.086	0.345	0.035	0.100	0.216	0.001	0.073	0.099	0.038	0.110	-0.54	-
92.045	0.014	0.493	0.741	0.453	0.897	1.925	0.928	1.274	0.195	0.429	0.061	0.146	0.152	0.000	0.025	0.066	0.046	0.109	-1.36	-
97.141	0.000	0.177	0.309	0.164	0.251	0.706	0.293	0.471	0.029	0.190	0.028	0.048	0.049	0.000	0.008	0.083	0.015	0.039	-0.12	-
96.797	0.004	0.157	0.298	0.114	0.258	0.971	0.456	0.450	0.031	0.189	0.022	0.052	0.046	0.000	0.010	0.061	0.019	0.064	-0.43	-
96.423	0.005	0.151	0.364	0.196	0.376	1.000	0.420	0.497	0.059	0.221	0.028	0.045	0.066	0.000	0.017	0.036	0.052	0.043	-0.38	-
96.954	0.021	0.190	0.360	0.112	0.298	0.627	0.405	0.500	0.061	0.180	0.018	0.055	0.044	0.005	0.015	0.074	0.015	0.065	0.03	-
94.151	0.040	0.421	0.561	0.415	0.599	1.533	0.510	0.807	0.094	0.307	0.049	0.102	0.149	0.000	0.030	0.101	0.034	0.099	-0.54	-
99.236	0.000	0.046	0.070	0.000	0.070	0.316	0.118	0.042	0.000	0.026	0.006	0.015	0.017	0.000	0.005	0.011	0.021	0.000	1.73	+
99.776	0.000	0.016	0.029	0.000	0.006	0.052	0.035	0.028	0.000	0.000	0.004	0.011	0.007	0.000	0.009	0.011	0.009	0.006	2.46	+
96.918	0.001	0.367	0.102	0.000	0.247	0.901	1.119	0.124	0.000	0.042	0.015	0.018	0.071	0.000	0.021	0.032	0.014	0.007	0.86	+
95.629	0.010	0.076	0.156	0.014	0.116	1.705	1.901	0.114	0.000	0.068	0.024	0.036	0.033	0.000	0.016	0.069	0.020	0.014	0.73	+
96.776	0.006	0.127	0.125	0.081	0.137	2.039	0.277	0.131	0.009	0.080	0.020	0.035	0.026	0.000	0.014	0.056	0.019	0.041	0.73	+
96.005	0.009	0.232	0.350	0.154	0.312	0.790	0.977	0.535	0.088	0.192	0.043	0.095	0.062	0.000	0.021	0.053	0.043	0.039	-0.27	+
96.667	0.002	0.077	0.285	0.085	0.193	0.527	1.647	0.249	0.001	0.110	0.019	0.021	0.059	0.000	0.013	0.013	0.021	0.011	0.60	+
96.734	0.001	0.085	0.257	0.046	0.121	1.233	1.102	0.203	0.000	0.065	0.018	0.031	0.018	0.000	0.012	0.045	0.015	0.014	0.65	+
98.198	0.030	0.080	0.469	0.029	0.119	0.331	0.178	0.176	0.004	0.046	0.027	0.084	0.028	0.000	0.055	0.059	0.028	0.058	0.89	+
98.762	0.000	0.063	0.084	0.000	0.068	0.215	0.549	0.083	0.000	0.038	0.012	0.033	0.032	0.000	0.011	0.032	0.014	0.004	0.94	+
98.902	0.005	0.039	0.222	0.000	0.078	0.285	0.213	0.077	0.000	0.042	0.017	0.040	0.025	0.000	0.005	0.022	0.021	0.006	1.02	+
97.977	0.000	0.043	0.123	0.000	0.034	0.166	1.438	0.042	0.000	0.020	0.015	0.030	0.008	0.000	0.032	0.028	0.012	0.031	1.12	+
96.390	0.008	0.097	0.220	0.104	0.295	0.981	1.040	0.265	0.047	0.148	0.027	0.075	0.062	0.000	0.035	0.124	0.027	0.057	-0.16	+
95.275	0.011	0.047	0.207	0.000	0.150	0.601	3.155	0.150	0.007	0.073	0.042	0.073	0.042	0.000	0.046	0.057	0.027	0.036	0.04	+
97.203	0.005	0.109	0.196	0.060	0.185	0.372	1.187	0.164	0.009	0.103	0.015	0.114	0.055	0.000	0.029	0.058	0.100	0.036	-0.50	+
96.484	0.018	0.137	0.276	0.063	0.154	0.474	1.592	0.160	0.051	0.101	0.031	0.143	0.083	0.000	0.063	0.078	0.042	0.049	0.00	+
98.976	0.000	0.050	0.110	0.000	0.296	0.243	0.116	0.067	0.000	0.043	0.003	0.031	0.011	0.000	0.006	0.026	0.009	0.013	0.68	+
98.158	0.000	0.065	0.169	0.002	0.081	0.630	0.568	0.122	0.000	0.052	0.012	0.055	0.032	0.000	0.009	0.026	0.011	0.009	1.03	+
95.769	0.009	0.251	0.569	0.088	0.551	0.900	0.790	0.513	0.060	0.135	0.017	0.066	0.064	0.000	0.021	0.101	0.032	0.064	-0.72	+
97.467	0.001	0.049	0.100	0.000	0.387	0.468	1.197	0.162	0.000	0.051	0.023	0.009	0.019	0.000	0.002	0.030	0.028	0.009	1.48	+
97.747	0.000	0.082	0.203	0.022	0.352	0.340	0.846	0.257	0.000	0.079	0.014	0.016	0.014	0.000	0.001	0.008	0.010	0.008	0.42	+
99.428	0.000	0.033	0.054	0.000	0.019	0.183	0.114	0.101	0.000	0.031	0.005	0.004	0.005	0.000	0.000	0.012	0.011	0.000	1.39	+
98.097	0.021	0.107	0.123	0.020	0.099	0.559	0.517	0.215	0.007	0.074	0.009	0.027	0.028	0.000	0.015	0.040	0.021	0.019	0.80	+
96.122	0.001	0.131	0.349	0.040	0.286	0.415	1.921	0.361	0.039	0.122	0.018	0.057	0.059	0.000	0.011	0.025	0.021	0.021	0.17	+
97.771	0.000	1.233	0.089	0.000	0.267	0.238	0.147	0.124	0.000	0.049	0.012	0.011	0.008	0.000	0.000	0.037	0.012	0.002	1.11	+
98.658	0.002	0.051	0.095	0.000	0.054	0.274	0.519	0.191	0.000	0.049	0.015	0.019	0.012	0.000	0.004	0.030	0.017	0.010	0.83	+
97.625	0.017	0.115	0.255	0.109	0.203	0.673	0.341	0.375	0.010	0.117	0.015	0.029	0.037	0.000	0.005	0.022	0.025	0.027	0.28	+
99.054	0.000	0.038	0.095	0.000	0.053	0.365	0.126	0.137	0.000	0.042	0.010	0.015	0.017	0.000	0.005	0.026	0.010	0.008	1.55	+
98.076	0.001	0.132	0.187	0.024	0.143	0.702	0.241	0.269	0.025	0.074	0.011	0.022	0.034	0.000	0.007	0.021	0.018	0.011	0.34	+
97.188	0.007	0.078	0.129	0.045	0.132	1.706	0.264	0.230	0.000	0.073	0.016	0.022	0.018	0.000	0.008	0.048	0.022	0.014	0.45	+
99.119	0.001	0.025	0.090	0.000	0.107	0.243	0.126	0.180	0.000	0.026	0.010	0.008	0.024	0.000	0.002	0.018	0.020	0.001	1.99	+
98.696	0.003	0.028	0.120	0.000	0.105	0.509	0.198	0.203	0.000	0.048	0.013	0.026	0.021	0.000	0.000	0.010	0.015	0.005	0.43	+
98.090	0.005	0.126	0.267	0.111	0.153	0.486	0.190	0.278	0.042	0.094	0.015	0.026	0.028	0.000	0.004	0.038	0.020	0.027	0.99	-
97.648	0.004	0.114	0.288	0.096	0.266	0.586	0.245	0.355	0.025	0.093	0.024	0.062	0.070	0.000	0.021	0.042	0.031	0.030	0.16	-
93.965	0.011	0.264	0.504	0.392	0.578	1.632	0.732	0.937	0.106	0.347	0.020	0.084	0.109	0.002	0.031	0.150	0.039	0.097	-1.14	-
94.628	0.004	0.381	0.589	0.426	0.460	1.265	0.572	0.754	0.091	0.297	0.042	0.087	0.093	0.007	0.023	0.120	0.036	0.125	-0.10	-
97.448	0.002	0.291	0.415	0.103	0.274	0.492	0.236	0.377	0.030	0.091	0.012	0.070	0.037	0.000	0.023	0.057	0.018	0.025	0.51	-
96.221	0.011	0.411	0.415	0.233	0.393	0.789	0.356	0.650	0.056	0.174	0.046	0.033	0.087	0.000	0.012	0.065	0.024	0.025	0.65	-
95.778	0.032	0.363	0.449	0.278	0.346	0.916	0.430	0.587	0.119	0.172	0.033	0.071	0.086	0.006	0.050	0.158	0.050	0.076	-0.44	-
94.488	0.018	0.424	0.630	0.385	0.470	1.320	0.390	0.800	0.136	0.246	0.036	0.176	0.143	0.000	0.060	0.102	0.087	0.090	-0.09	-
97.245	0.003	0.308	0.391	0.147	0.266	0.533	0.276	0.229	0.035	0.106	0.024	0.074	0.129	0.007	0.039	0.113	0.030	0.043	0.21	-
96.413	0.022	0.288	0.678	0.204	0.336	0.554	0.263	0.259	0.117	0.142	0.022	0.227	0.184	0.000	0.062	0.135	0.049	0.045	0.20	-
97.431	0.001	0.261	0.600	0.067	0.161	0.495	0.184	0.185	0.015	0.107	0.024	0.095	0.151	0.000	0.019	0.131	0.034	0.038	0.94	-
97.298	0.004	0.262	0.413	0.164	0.174	0.689	0.205	0.206	0.062	0.132	0.010	0.051	0.157	0.000	0.030	0.088	0.019	0.035	1.05	-
97.438	0.004	0.268	0.511	0.149	0.171	0.598	0.144	0.199	0.021	0.131	0.019	0.058	0.147	0.000	0.021	0.089	0.014	0.018	0.33	-
96.194	0.011	0.395	0.690	0.247	0.306	0.699	0.263	0.304	0.054	0.199	0.028	0.090	0.190	0.001	0.035	0.166	0.052	0.073	-0.69	-
97.167	0.009	0.201	0.362	0.167	0.274	0.600	0.270	0.424	0.040	0.151	0.018	0.096	0.045	0.000	0.021	0.071	0.029	0.054	0.21	-
95.697	0.012	0.328	0.601	0.255	0.380	0.737	0.526	0.816	0.051	0.167	0.034	0.061	0.119	0.000	0.024	0.095	0.033	0.062	0.12	-
94.917	0.014	0.342	0.599	0.334	0.433	1.086	0.475	0.954	0.094	0.240	0.041	0.062	0.125	0.000	0.021	0.057	0.109	0.097	-0.30	-
96.320	0.011	0.240	0.369	0.246	0.271	0.813	0.363	0.481	0.112	0.234	0.035	0.091	0.114	0.019	0.029	0.133	0.043	0.075	0.25	-
97.789	0.010	0.158	0.248	0.105	0.227	0.623	0.144	0.231	0.042	0.089	0.025	0.112	0.073	0.000	0.019	0.049	0.032	0.022	0.04	-
98.324	0.002	0.154	0.170	0.042	0.126	0.425	0.193	0.189	0.028	0.070	0.025	0.049	0.066	0.000	0.014	0.071	0.028	0.025	1.05	-
96.391	0.007	0.290	0.365	0.341	0.390	0.679	0.292	0.448	0.095	0.190	0.038	0.111	0.113	0.008	0.037	0.102	0.044	0.058	0.13	-
97.745	0.006	0.143	0.336	0.116	0.135	0.562	0.160	0.192	0.057	0.101	0.012	0.058	0.142	0.000	0.035	0.144	0.021	0.035	1.00	-
97.789	0.005	0.205	0.384	0.096	0.166	0.441	0.163	0.182	0.069	0.109	0.019	0.096	0.122	0.000	0.012	0.108	0.023	0.010	1.15	-
97.305	0.006	0.259	0.492	0.169	0.252	0.429	0.203	0.268	0.059	0.144	0.022	0.041	0.161	0.000	0.018	0.101	0.023	0.048	1.05	-
96.716	0.024	0.225	0.416	0.237	0.281	0.924	0.419	0.369	0.033	0.184	0.022	0.030	0.031	0.000	0.015	0.018	0.027	0.029	0.04	-
96.567	0.011	0.167	0.432	0.139	0.248	0.904	0.369	0.483	0.072	0.160	0.024	0.087	0.084	0.009	0.016	0.122	0.033	0.074	0.53	-
95.034	0.031	0.462	0.490	0.374	0.480	1.080	0.547	0.744	0.099	0.250	0.044	0.113	0.097	0.000	0.020	0.041	0.039	0.054	-0.55	-
96.451	0.013	0.238	0.488	0.199	0.312	0.756	0.499	0.563	0.083	0.185	0.032	0.033	0.078	0.000	0.005	0.025	0.022	0.018	0.53	-
95.491	0.050	0.355	0.512	0.254	0.452	1.255	0.312	0.681	0.082	0.191	0.037	0.064	0.131	0.000	0.017	0.038	0.020	0.059	-0.03	-
95.130	0.026	0.308	0.641	0.327	0.491	1.041	0.400	0.766	0.093	0.189	0.023	0.143	0.138	0.000	0.048	0.076	0.044	0.114	-0.01	-
94.829	0.036	0.401	0.625	0.423	0.497	0.920	0.547	0.830	0.089	0.295	0.046	0.110	0.156	0.000	0.006	0.096	0.039	0.056	-0.27	-
96.947	0.010	0.239	0.454	0.166	0.271	0.533	0.374	0.498	0.047	0.171	0.026	0.059	0.072	0.002	0.017	0.056	0.026	0.033	0.07	-
95.789	0.022	0.307	0.507	0.321	0.354	0.980	0.307	0.602	0.084	0.240	0.033	0.052	0.124	0.005	0.013	0.128	0.037	0.094	-0.35	-
95.525	0.029	0.304	0.691	0.264	0.431	0.801	0.537	0.652	0.070	0.218	0.032	0.092	0.158	0.000	0.030	0.078	0.029	0.058	-0.16	-
96.431	0.010	0.302	0.511	0.254	0.256	0.944	0.382	0.448	0.060	0.190	0.023	0.028	0.066	0.000	0.006	0.036	0.023	0.030	0.17	-
97.444	0.004	0.101	0.301	0.227	0.180	0.541	0.322	0.418	0.119	0.146	0.023	0.045	0.059	0.000	0.002	0.021	0.021	0.025	-0.10	-
95.935	0.004	0.273	0.533	0.209	0.416	1.085	0.435	0.446	0.112	0.176	0.026	0.063	0.105	0.000	0.029	0.045	0.041	0.067	-1.06	-
94.769	0.010	0.345	0.522	0.352	0.527	1.434	0.462	0.753	0.107	0.275	0.049	0.081	0.112	0.000	0.014	0.077	0.042	0.067	-1.12	-
92.664	0.019	0.565	0.903	0.453	0.623	1.045	1.057	1.155	0.129	0.326	0.071	0.177	0.202	0.037	0.055	0.229	0.074	0.217	-0.99	-
95.645	0.006	0.326	0.479	0.249	0.635	0.789	0.417	0.674	0.077	0.216	0.030	0.100	0.084	0.005	0.027	0.110	0.061	0.072	-0.68	-
98.403	0.004	0.120	0.226	0.050	0.164	0.305	0.197	0.279	0.059	0.056	0.014	0.025	0.042	0.000	0.007	0.028	0.013	0.008	0.34	-
98.028	0.004	0.090	0.210	0.097	0.188	0.431	0.177	0.261	0.030	0.101	0.022	0.076	0.072	0.007	0.015	0.100	0.034	0.056	0.13	-
99.066	0.000	0.149	0.339	0.000	0.019	0.086	0.047	0.025	0.018	0.013	0.008	0.017	0.099	0.000	0.019	0.084	0.011	0.000	2.92	-
94.146	0.032	0.277	0.457	0.357	0.589	1.422	0.536	0.587	0.130	0.250	0.041	0.274	0.195	0.056	0.066	0.309	0.071	0.205	-1.01	-
96.985	0.007	0.177	0.328	0.241	0.330	0.676	0.384	0.310	0.056	0.176	0.033	0.060	0.101	0.000	0.019	0.049	0.031	0.039	-0.10	-
96.923	0.018	0.200	0.321	0.189	0.341	0.656	0.209	0.353	0.059	0.141	0.036	0.111	0.105	0.009	0.027	0.140	0.081	0.081	-0.59	-
97.086	0.015	0.169	0.326	0.132	0.245	0.759	0.322	0.328	0.034	0.128	0.024	0.065	0.104	0.004	0.019	0.110	0.035	0.095	0.16	-
97.088	0.015	0.202	0.317	0.171	0.225	0.646	0.385	0.341	0.076	0.123	0.023	0.103	0.102	0.000	0.030	0.081	0.032	0.040	-0.16	-
98.639	0.008	0.104	0.172	0.027	0.097	0.367	0.153	0.125	0.055	0.052	0.020	0.064	0.040	0.000	0.007	0.043	0.024	0.002	0.97	-
97.114	0.011	0.179	0.328	0.140	0.163	0.955	0.227	0.285	0.023	0.124	0.041	0.069	0.086	0.004	0.028	0.132	0.048	0.042	0.24	-
96.451	0.042	0.207	0.315	0.252	0.285	0.711	0.192	0.411	0.080	0.188	0.034	0.163	0.114	0.032	0.043	0.299	0.035	0.148	-0.17	-
98.199	0.006	0.116	0.211	0.060	0.114	0.504	0.185	0.231	0.040	0.058	0.020	0.040	0.070	0.000	0.019	0.069	0.032	0.027	0.77	-
98.020	0.000	0.128	0.239	0.067	0.172	0.595	0.243	0.229	0.027	0.079	0.014	0.047	0.047	0.000	0.005	0.045	0.019	0.025	0.29	-
99.191	0.000	0.054	0.097	0.000	0.053	0.257	0.072	0.085	0.041	0.029	0.012	0.009	0.037	0.000	0.006	0.044	0.014	0.000	2.22	-
96.287	0.012	0.363	0.344	0.246	0.471	0.930	0.262	0.392	0.064	0.185	0.033	0.044	0.147	0.007	0.024	0.080	0.040	0.070	-0.39	-
93.014	0.029	0.427	0.718	0.628	0.692	1.592	0.613	0.956	0.113	0.426	0.040	0.179	0.159	0.015	0.014	0.163	0.100	0.122	-1.64	-
98.596	0.004	0.068	0.181	0.048	0.113	0.405	0.121	0.163	0.021	0.072	0.015	0.050	0.062	0.000	0.006	0.041	0.023	0.011	0.96	-
98.345	0.008	0.087	0.217	0.092	0.145	0.444	0.135	0.185	0.054	0.091	0.018	0.021	0.071	0.000	0.008	0.042	0.025	0.011	0.24	-
94.777	0.023	0.327	0.500	0.239	0.644	1.352	0.428	0.545	0.149	0.202	0.039	0.157	0.145	0.032	0.023	0.207	0.056	0.156	0.10	-
98.741	0.004	0.130	0.201	0.022	0.155	0.268	0.084	0.115	0.019	0.065	0.023	0.052	0.054	0.000	0.008	0.029	0.021	0.008	0.71	-
96.331	0.025	0.264	0.430	0.134	0.291	1.187	0.297	0.335	0.046	0.154	0.023	0.129	0.131	0.000	0.043	0.081	0.040	0.059	-0.33	-
96.797	0.026	0.295	0.351	0.161	0.374	0.817	0.272	0.324	0.049	0.163	0.024	0.083	0.097	0.000	0.017	0.077	0.020	0.054	-0.16	-
97.993	0.006	0.146	0.313	0.119	0.185	0.430	0.171	0.207	0.043	0.111	0.017	0.077	0.048	0.004	0.010	0.072	0.019	0.029	-0.14	-
96.248	0.003	0.456	0.448	0.232	0.454	0.752	0.442	0.343	0.031	0.209	0.026	0.084	0.074	0.004	0.008	0.098	0.038	0.050	0.73	-
94.932	0.021	0.282	0.407	0.253	0.472	1.506	0.453	0.550	0.061	0.216	0.044	0.181	0.135	0.028	0.020	0.256	0.041	0.144	-0.66	-
99.043	0.001	0.095	0.193	0.000	0.056	0.180	0.082	0.071	0.008	0.023	0.020	0.029	0.081	0.000	0.007	0.085	0.024	0.003	1.87	-
95.861	0.014	0.382	0.536	0.339	0.378	0.856	0.298	0.388	0.043	0.183	0.035	0.159	0.149	0.025	0.019	0.193	0.057	0.084	-0.31	-
98.703	0.000	0.068	0.084	0.000	0.227	0.116	0.550	0.086	0.000	0.018	0.009	0.084	0.013	0.000	0.006	0.011	0.018	0.007	1.37	+
99.324	0.000	0.060	0.119	0.000	0.035	0.178	0.095	0.104	0.010	0.015	0.005	0.009	0.011	0.000	0.005	0.019	0.008	0.003	1.77	+
98.436	0.002	0.123	0.201	0.027	0.137	0.416	0.277	0.228	0.011	0.070	0.009	0.014	0.024	0.000	0.006	0.004	0.011	0.005	0.92	+
98.608	0.001	0.100	0.219	0.000	0.196	0.421	0.101	0.229	0.000	0.028	0.019	0.020	0.016	0.000	0.004	0.025	0.011	0.001	2.00	+
98.176	0.000	0.145	0.304	0.088	0.158	0.446	0.181	0.292	0.023	0.076	0.012	0.013	0.043	0.000	0.005	0.009	0.015	0.013	0.98	+
99.393	0.000	0.017	0.155	0.000	0.030	0.190	0.065	0.073	0.000	0.016	0.008	0.014	0.009	0.000	0.003	0.012	0.013	0.003	1.29	+
98.742	0.003	0.077	0.169	0.002	0.091	0.304	0.211	0.206	0.000	0.043	0.011	0.053	0.047	0.000	0.004	0.019	0.014	0.007	1.24	+
98.738	0.009	0.138	0.113	0.000	0.371	0.186	0.080	0.163	0.000	0.028	0.015	0.049	0.023	0.000	0.021	0.037	0.021	0.009	1.71	+